45 46 46 46 46 46 45 47 47 47 47 47 47 46 43 43 46 42 46 
45 47 46 46 46 45 45 45 47 47 47 47 46 46 46 46 46 46 44 
45 45 45 46 47 42 47 47 47 47 47 46 46 46 46 46 46 44 44 
45 45 46 47 47 47 44 47 47 47 47 47 47 46 46 44 44 46 44 
45 45 47 37 47 36 44 47 39 47 15 47 14 46 46 46 44 44 44 
47 37 45 45 45 38 38 39 47 46 39 38 14 46 46 46 14 12 12 
47 45 38 45 38 47 38 47 47 47 38 38 38 46 46 46 12 12 12 
47 39 47 47 47 47 47 46 47 38 38 38 36 12 14 46 46 46 14 
47 47 47 47 39 47 47 8 46 6 46 38 6 12 12 14 14 46 14 
46 47 47 45 39 45 60 8 8 8 4 4 4 14 12 12 12 46 46 
44 47 61 61 45 61 13 12 15 14 44 4 4 12 12 12 12 12 14 
44 44 60 61 61 61 12 12 12 15 14 12 14 12 12 12 60 52 62 
46 44 44 45 61 62 46 14 14 14 14 14 12 44 12 4 52 52 60 
46 44 44 44 44 60 44 14 12 4 14 12 46 52 52 52 60 60 60 
46 44 44 60 60 60 60 44 44 44 44 36 36 52 36 52 60 60 28 
44 44 60 60 60 60 44 44 44 52 4 52 36 44 36 36 60 60 60 
60 46 62 60 60 60 44 20 20 20 52 52 52 36 36 36 36 60 52 
60 60 60 60 60 60 60 36 60 20 20 20 12 60 52 36 60 60 60 
60 56 60 60 60 60 60 28 20 20 20 12 12 12 52 28 28 60 52 
