10 10 30 30 30 31 30 31 31 31 27 27 23 23 23 23 23 23 22 
10 14 30 30 30 31 31 31 31 30 27 18 23 21 23 22 23 23 23 
10 14 31 31 31 31 31 30 31 31 23 18 18 21 21 23 23 20 31 
14 11 14 14 30 30 30 10 11 22 18 18 18 21 22 22 20 20 20 
11 11 14 14 14 30 14 7 7 2 18 18 22 22 22 22 22 22 20 
11 11 11 14 10 11 11 11 7 10 18 54 18 22 22 22 22 22 30 
11 11 11 11 11 11 27 22 14 54 54 50 22 30 22 14 22 22 28 
27 11 11 27 11 11 27 30 54 54 54 54 22 6 28 14 30 6 30 
27 11 11 31 15 15 31 31 54 62 63 54 30 38 14 14 14 14 30 
27 27 11 30 14 30 31 31 30 58 63 62 22 38 38 30 14 14 14 
30 27 14 30 14 30 30 31 31 26 58 30 30 30 38 42 10 14 14 
30 14 46 14 10 14 14 47 31 27 28 28 30 38 44 60 10 26 10 
30 46 42 42 42 10 14 14 31 28 28 28 10 60 60 60 58 58 58 
26 26 10 42 42 14 14 30 30 30 30 26 10 62 62 26 26 26 26 
30 30 10 26 10 10 14 10 30 10 30 14 10 26 10 30 26 26 26 
30 26 26 10 10 10 10 10 10 14 26 14 14 10 26 30 26 26 26 
30 26 26 10 10 10 10 10 10 10 10 10 26 26 26 26 26 26 26 
30 26 26 26 14 10 10 10 10 10 10 10 26 26 26 26 58 58 58 
30 30 10 10 14 14 10 10 10 10 10 10 10 26 26 26 26 58 58 
