27 27 27 25 25 25 23 23 23 17 17 31 27 59 27 27 27 27 31 
27 27 27 27 27 23 23 19 17 25 25 25 25 27 27 27 27 31 31 
27 27 27 27 17 23 23 23 23 29 25 25 27 25 27 27 27 27 27 
27 27 27 9 17 17 17 23 21 21 21 31 31 31 27 27 27 31 31 
27 27 27 3 19 17 23 23 27 27 19 27 31 27 31 27 31 31 31 
27 27 23 1 17 19 19 23 27 27 27 27 29 29 15 29 29 31 31 
27 27 23 23 19 19 7 23 27 23 27 23 29 61 13 13 13 15 31 
3 7 23 7 3 7 23 7 23 23 23 19 19 19 19 29 13 29 29 
3 39 7 39 7 7 7 7 5 21 19 19 19 19 19 31 13 13 29 
7 7 7 7 7 3 7 7 5 7 5 17 17 29 19 29 29 13 29 
7 7 7 7 7 3 3 3 5 31 23 17 17 29 29 29 29 13 29 
7 7 7 7 7 7 17 5 31 31 31 29 29 29 29 21 29 29 29 
7 7 7 7 7 7 7 19 21 31 29 17 29 29 29 21 29 29 29 
7 7 7 7 7 7 7 13 5 17 17 17 29 29 21 29 29 29 29 
7 7 7 7 7 7 31 21 29 29 1 17 17 29 29 29 29 29 29 
7 7 7 7 7 7 5 21 5 5 17 21 29 29 29 29 29 29 29 
7 7 7 7 7 7 23 21 5 29 25 21 21 29 29 29 29 29 29 
7 7 7 7 23 21 21 21 21 29 29 29 29 29 29 29 29 29 29 
7 7 7 7 7 23 21 23 21 29 29 29 29 29 29 29 29 29 29 
