61 61 61 61 61 60 61 61 60 45 45 45 45 45 45 45 44 44 44 
61 61 61 61 61 60 60 60 60 61 61 61 45 45 45 45 44 44 44 
61 61 61 53 61 60 61 60 61 61 61 61 61 45 45 45 44 44 44 
49 61 61 45 61 60 61 61 61 53 61 60 45 45 45 45 44 44 44 
49 49 13 45 45 61 45 61 61 61 45 44 44 44 45 44 44 44 44 
49 53 13 33 1 61 45 37 45 36 44 44 44 44 44 44 44 44 44 
49 49 49 61 33 41 37 45 45 45 45 37 36 36 44 44 44 44 44 
49 49 53 33 33 45 45 29 45 45 45 45 44 52 44 44 12 44 44 
49 49 49 49 49 53 29 45 61 61 45 54 54 44 44 44 44 44 44 
49 49 49 17 49 21 29 29 29 61 29 30 22 28 36 12 12 12 12 
17 21 17 17 17 21 17 49 29 29 29 28 12 44 13 44 13 12 12 
49 25 49 25 25 25 61 49 28 62 28 28 44 13 13 13 13 13 12 
25 25 57 25 25 25 29 29 61 62 30 30 46 24 15 38 14 4 12 
57 57 57 57 25 29 25 29 31 29 29 30 52 46 36 55 38 6 6 
25 57 57 25 29 29 28 61 31 28 31 52 46 4 4 4 30 6 6 
25 57 25 27 29 29 29 63 31 63 28 28 52 31 12 54 14 12 6 
25 29 29 29 29 31 31 31 63 29 29 28 28 12 14 12 12 30 14 
21 21 29 29 28 31 31 31 31 13 12 12 12 12 12 14 14 30 14 
29 21 29 29 31 31 31 31 15 13 13 14 12 12 12 14 14 14 14 
