10 10 10 10 10 10 10 42 43 43 43 43 42 42 42 42 42 42 42 
10 10 10 10 10 10 42 11 43 43 43 43 43 43 42 42 42 42 42 
10 10 10 10 10 10 10 43 43 43 43 43 43 42 42 42 42 42 42 
10 10 10 10 10 46 10 10 42 42 42 43 43 43 42 42 42 42 42 
10 10 14 14 10 14 42 42 10 42 58 42 43 43 42 42 42 42 42 
10 10 14 14 14 14 14 42 42 42 42 58 42 42 42 42 42 42 42 
10 14 14 14 14 14 42 42 42 42 58 42 42 42 42 42 42 42 42 
10 14 14 14 42 10 42 46 46 42 42 46 46 46 42 43 42 42 42 
14 14 14 14 10 42 42 46 46 42 58 46 42 42 43 43 43 42 46 
14 46 14 10 42 42 46 30 46 14 62 42 46 42 42 27 47 47 47 
46 14 14 14 42 42 14 14 46 46 46 42 42 42 46 31 31 27 30 
14 46 46 42 46 14 14 14 10 46 30 10 46 43 43 27 11 42 10 
46 46 10 10 14 46 10 30 30 30 10 46 11 42 10 14 42 14 46 
46 10 10 26 6 6 10 10 26 14 14 14 14 42 46 14 14 14 14 
58 59 58 42 6 38 38 46 30 14 14 14 14 42 14 14 14 14 14 
58 59 58 58 46 38 42 46 10 14 14 14 14 14 2 10 14 14 14 
58 58 42 62 62 62 46 46 14 14 14 14 46 2 2 10 14 14 10 
42 42 42 46 62 46 46 46 14 30 14 46 46 46 2 47 14 10 10 
42 42 46 46 46 46 46 14 14 14 30 46 46 46 46 14 15 14 10 
