30 20 20 20 20 22 20 20 20 6 6 22 20 23 23 31 31 31 31 
30 28 20 20 20 20 22 20 6 6 21 6 21 23 20 31 30 31 30 
28 28 20 20 20 22 18 22 6 21 21 21 21 20 21 22 23 30 30 
22 22 22 36 36 54 22 22 22 22 5 20 20 31 21 23 23 31 30 
22 22 54 38 34 38 6 6 22 6 22 22 30 31 31 23 31 23 30 
22 54 34 38 38 51 38 22 22 14 22 30 30 30 23 23 23 50 62 
34 34 34 34 51 51 54 22 22 22 22 23 30 30 30 18 22 51 30 
34 34 34 50 38 51 51 22 22 22 23 23 23 30 52 60 50 51 51 
34 34 34 35 35 19 55 23 55 23 23 23 12 52 52 52 52 52 35 
34 34 34 50 55 55 55 55 55 55 43 14 31 28 52 52 36 39 51 
35 34 34 51 55 51 55 55 23 55 23 8 30 32 37 39 35 35 39 
35 34 50 50 59 50 54 51 55 63 63 31 8 46 43 39 39 55 55 
35 35 50 58 59 58 59 57 27 63 11 15 14 46 36 39 39 39 39 
35 35 34 50 51 26 27 17 17 59 25 15 63 46 43 39 39 39 55 
59 35 59 51 27 27 27 25 27 27 15 31 35 35 43 47 55 55 55 
59 59 59 51 27 19 19 25 13 27 27 15 31 39 39 55 55 55 55 
27 59 27 51 19 19 19 29 11 27 31 31 31 31 55 55 55 55 55 
27 27 27 19 19 19 19 17 11 11 11 15 63 31 23 55 55 55 55 
27 27 27 27 19 25 19 19 17 27 43 31 31 31 23 23 55 55 55 
