14 14 14 14 14 12 26 29 26 30 30 26 26 26 26 26 26 26 26 
14 14 14 14 14 30 26 26 30 24 30 26 26 26 26 26 26 26 26 
14 14 14 14 30 10 30 24 30 14 30 30 26 26 26 26 26 26 26 
14 14 14 14 14 14 14 14 30 26 30 30 26 26 26 26 26 26 26 
14 14 30 14 30 14 30 30 30 26 26 26 26 26 26 26 26 26 26 
14 14 14 30 30 30 30 14 14 26 26 26 26 26 26 26 26 26 26 
14 14 30 30 14 14 30 26 26 10 26 26 26 26 26 26 26 26 26 
14 14 14 30 14 14 26 26 26 26 26 26 8 26 26 26 26 26 26 
14 14 14 14 14 14 10 28 10 10 26 8 8 10 10 10 10 10 10 
12 14 14 14 14 14 14 14 12 10 10 26 8 10 10 10 26 10 10 
26 14 10 14 14 14 14 12 12 12 24 26 8 26 24 24 24 24 24 
26 26 26 30 14 14 45 14 12 24 24 28 24 24 24 24 24 24 25 
12 26 28 30 30 13 14 14 14 12 10 26 24 24 24 24 24 24 25 
8 8 8 24 8 14 14 10 10 30 10 24 24 24 24 24 24 24 25 
8 24 24 24 8 14 30 14 26 8 30 10 30 24 24 24 24 26 25 
24 24 24 10 26 26 30 30 26 26 26 30 24 24 24 24 24 24 26 
8 24 24 24 26 26 30 30 26 26 26 24 24 24 24 24 24 26 25 
24 24 24 24 26 26 26 26 26 26 26 26 24 24 24 24 24 26 25 
24 24 24 24 24 26 26 26 26 26 26 24 24 24 24 24 26 24 25 
