30 31 31 31 31 31 28 28 28 28 28 28 29 29 45 12 44 44 12 
31 31 31 31 23 28 28 28 28 28 28 20 28 28 45 44 44 44 44 
30 30 31 31 20 28 22 28 28 28 20 20 28 21 45 44 45 44 46 
30 31 31 31 20 28 20 20 28 28 20 20 20 20 44 52 52 44 45 
22 23 31 31 31 20 20 20 20 20 20 20 20 36 52 52 52 52 45 
30 23 23 28 23 4 20 20 20 20 22 52 20 52 36 52 52 53 45 
30 23 23 23 20 28 28 20 20 22 20 52 52 52 36 52 52 44 44 
30 22 22 20 23 4 23 20 14 22 22 46 52 60 60 60 52 52 44 
30 22 22 22 28 23 28 12 4 14 46 44 44 52 52 52 52 44 36 
30 30 30 14 28 28 28 12 14 22 46 44 44 44 36 52 36 44 44 
30 30 30 30 28 28 20 30 38 46 46 44 44 44 44 36 44 44 36 
30 30 30 30 12 28 30 30 14 44 12 12 12 44 44 44 44 44 44 
30 30 30 30 30 28 12 28 46 46 14 46 44 44 44 44 44 44 44 
30 30 30 14 30 14 14 14 62 46 46 46 46 44 44 44 44 44 44 
46 30 30 14 30 14 12 44 14 46 46 46 44 44 44 44 44 44 44 
46 62 46 30 30 30 46 46 46 46 46 46 46 44 44 44 44 44 44 
46 46 46 46 30 30 30 46 46 46 46 46 46 46 44 44 44 44 44 
46 62 46 62 46 62 62 46 46 46 46 46 44 60 36 44 44 44 44 
46 62 62 62 46 62 62 46 46 46 46 46 60 60 44 44 44 44 44 
