47 47 47 43 47 47 46 46 46 46 46 46 47 46 46 46 62 62 62 
47 47 43 45 45 45 47 46 46 44 44 46 46 46 46 46 38 38 62 
44 44 46 41 45 45 46 46 46 44 44 44 46 62 46 39 39 39 62 
44 44 44 44 45 45 47 46 46 42 44 46 46 62 62 63 39 39 46 
44 44 44 44 45 45 46 46 42 42 46 46 46 62 47 63 39 38 62 
44 40 45 45 41 41 41 46 46 63 46 42 46 46 45 63 39 47 62 
40 44 40 44 40 41 40 46 62 63 46 58 46 61 61 61 39 59 59 
44 44 44 45 40 40 58 46 46 47 59 59 62 45 61 63 63 63 63 
44 44 44 44 40 24 46 62 62 63 59 62 63 61 61 61 63 63 63 
40 44 40 44 24 24 26 58 63 63 63 59 59 59 61 63 63 63 63 
40 40 44 8 40 8 8 30 62 62 59 62 59 59 63 63 63 63 63 
40 44 45 45 40 40 58 62 62 46 62 62 62 63 63 63 63 63 63 
45 45 45 41 56 40 56 56 62 46 46 62 58 62 63 63 63 63 63 
45 45 13 45 9 56 8 56 62 46 30 30 30 31 63 63 63 63 59 
45 13 13 13 40 42 8 8 15 30 30 62 30 63 27 27 63 63 59 
29 29 13 13 41 46 15 15 30 30 30 30 30 62 63 27 59 59 59 
29 45 13 13 13 15 15 15 15 31 31 30 30 62 63 63 59 59 59 
45 13 13 13 13 15 15 15 31 31 31 31 31 63 63 63 63 63 63 
45 13 13 13 15 15 31 31 31 31 31 31 63 63 63 63 63 63 63 
