43 59 57 59 59 59 59 43 43 43 43 43 43 43 43 47 47 47 47 
59 57 59 59 59 59 59 58 43 43 43 43 43 43 47 47 47 47 47 
57 57 57 43 43 41 58 58 58 43 43 43 43 43 43 47 47 47 47 
41 57 41 61 43 45 43 47 43 47 43 47 43 43 43 43 43 47 47 
43 41 45 61 43 41 43 43 43 39 35 35 47 43 43 43 43 47 47 
45 43 45 59 41 41 41 43 41 39 35 47 47 15 47 47 47 47 45 
45 45 43 43 41 41 41 43 41 41 39 47 15 15 45 47 47 47 45 
45 45 41 43 43 45 41 41 43 39 45 39 45 45 13 47 47 45 45 
45 41 57 57 45 45 41 43 43 47 1 47 37 37 13 37 45 37 45 
45 61 57 41 41 45 41 41 13 11 45 47 47 13 5 13 37 45 37 
45 57 57 57 41 41 33 45 1 1 1 1 47 15 13 37 37 13 13 
45 57 57 41 41 57 57 33 37 1 37 45 13 13 5 5 5 5 13 
45 41 41 57 57 57 57 57 33 33 33 33 13 45 45 5 5 36 13 
45 45 41 41 41 41 57 33 33 33 33 33 37 45 45 45 13 36 12 
45 45 41 41 41 33 33 33 33 33 33 37 37 45 45 45 45 5 13 
45 45 49 41 49 41 41 33 33 57 37 41 37 37 37 37 13 45 45 
49 49 49 49 49 49 41 41 41 37 41 41 45 53 37 37 45 13 45 
37 53 33 49 49 49 49 41 41 41 41 41 61 37 37 37 53 37 45 
37 33 49 49 49 41 41 57 41 41 41 41 41 61 53 53 37 45 45 
