31 31 30 62 30 62 62 30 29 29 28 23 23 23 22 22 22 22 23 
31 30 30 30 62 22 30 30 30 28 23 7 23 7 22 22 22 23 23 
63 63 62 62 23 23 30 22 23 7 7 7 7 22 22 22 22 22 22 
31 63 63 63 62 23 30 30 22 6 7 7 7 7 22 22 22 22 22 
31 31 31 62 30 30 22 30 6 6 15 7 7 55 23 22 22 23 23 
31 31 30 30 30 30 22 30 14 6 15 7 15 31 55 22 23 55 23 
31 22 22 23 30 30 22 30 30 30 14 14 22 55 55 55 23 22 22 
23 23 30 30 30 30 14 30 30 14 30 14 6 23 54 23 22 22 22 
23 23 30 30 30 30 30 30 30 30 30 14 55 54 23 23 54 54 22 
31 30 31 31 30 30 30 30 30 30 6 30 30 54 55 55 31 23 23 
30 30 30 31 30 31 30 30 30 30 30 22 22 21 21 31 31 31 31 
22 31 31 31 31 31 30 30 30 30 22 22 22 23 21 22 63 31 23 
30 23 23 31 30 30 30 30 30 31 22 22 22 6 38 54 62 63 23 
30 19 31 31 31 30 30 30 30 30 22 22 22 55 63 63 63 63 63 
30 18 22 30 30 22 30 22 30 31 23 23 22 63 63 37 63 63 39 
26 18 22 22 22 6 22 22 22 22 22 23 22 54 55 61 21 55 39 
26 26 22 22 22 22 22 22 6 22 6 22 22 31 31 53 21 23 39 
26 26 26 6 22 6 22 22 14 6 6 22 6 22 31 22 22 55 39 
26 26 26 22 6 6 6 14 6 6 22 6 22 6 22 22 22 23 55 
