29 29 31 31 31 31 31 31 30 31 31 31 30 30 31 31 31 29 31 
29 31 31 29 31 31 31 31 31 31 31 31 31 31 31 31 31 31 31 
31 31 31 31 31 31 31 31 31 31 31 31 31 31 31 31 31 31 31 
31 31 29 29 31 31 31 27 31 31 31 31 31 31 31 31 31 31 31 
31 31 31 31 31 31 27 27 31 31 31 31 31 31 31 31 31 31 31 
31 31 31 15 15 31 15 27 31 31 31 31 31 15 31 31 31 31 31 
31 31 31 15 15 31 31 31 31 31 31 23 31 47 31 47 31 31 31 
31 31 15 15 15 15 31 31 31 31 31 23 31 47 47 23 31 31 31 
15 15 15 15 15 23 23 31 31 23 23 23 23 55 55 55 31 31 31 
31 31 15 15 15 15 31 23 23 23 23 23 23 23 55 23 31 23 23 
31 15 31 31 31 31 23 23 23 21 23 23 23 23 23 23 23 23 23 
31 31 31 31 23 23 23 23 23 53 53 23 23 23 23 23 23 23 23 
11 15 15 15 23 17 29 23 23 53 23 23 23 23 23 23 23 23 23 
11 9 15 11 27 25 25 21 21 31 23 23 23 23 23 23 55 23 23 
11 15 11 11 11 9 25 21 21 61 29 23 23 23 23 23 63 23 23 
11 15 15 15 15 41 25 25 61 29 61 31 23 23 31 31 63 63 31 
9 9 15 25 25 25 41 25 29 29 29 29 23 23 7 63 63 63 31 
9 9 25 33 33 17 25 29 29 29 29 31 31 31 31 7 63 31 31 
9 9 9 9 57 25 57 29 29 29 29 25 15 31 15 63 63 63 31 
