14 14 15 7 7 7 7 6 7 6 7 7 7 23 23 23 21 21 21 
14 15 15 7 7 7 7 7 7 7 7 7 7 23 23 23 21 21 21 
14 7 15 15 15 7 7 7 7 6 7 3 7 23 23 23 21 21 21 
3 2 15 15 7 3 15 7 7 7 2 6 2 22 22 23 21 21 21 
2 2 14 2 7 7 15 15 14 7 6 3 22 22 23 21 23 23 23 
2 2 2 3 7 47 15 15 7 6 3 3 19 28 20 20 23 23 23 
2 23 2 2 15 47 15 15 15 14 14 14 14 6 20 20 21 55 23 
23 23 22 2 7 47 15 15 15 11 14 12 14 6 4 23 20 23 21 
3 23 7 7 11 39 47 43 11 15 10 12 12 6 4 23 21 61 61 
7 7 7 11 39 39 47 11 11 10 4 4 4 4 5 22 21 21 29 
23 21 7 39 15 38 47 11 10 10 10 4 12 13 20 29 29 29 29 
15 15 25 25 25 23 39 39 10 10 10 10 13 13 13 21 21 29 29 
13 15 15 29 29 31 34 63 42 10 10 13 12 13 20 29 29 29 29 
13 15 15 9 57 56 58 58 58 10 10 14 45 45 29 29 13 29 29 
13 13 15 1 41 44 58 45 13 13 11 13 13 29 29 13 29 29 29 
13 9 4 28 28 24 44 45 13 13 13 13 29 29 29 13 13 29 29 
13 9 24 8 25 41 13 45 13 12 13 13 13 13 13 13 13 13 29 
12 9 60 60 24 57 57 61 61 61 13 13 13 13 13 29 29 29 29 
12 12 12 45 61 61 61 61 61 61 45 45 13 13 29 29 29 29 29 
