24 23 23 23 22 22 30 30 12 12 12 12 12 4 12 4 4 4 4 
22 23 23 22 14 14 14 28 12 12 12 12 12 12 4 4 4 4 4 
23 23 22 31 14 14 14 30 14 12 12 12 12 12 4 4 6 4 4 
31 24 24 30 14 12 14 30 14 12 12 12 12 12 4 4 4 14 14 
14 23 24 24 12 12 14 12 12 6 14 12 12 12 4 4 4 4 14 
30 14 31 30 24 46 14 14 6 30 14 30 12 14 4 4 4 12 14 
14 31 14 30 46 30 14 30 14 6 30 30 14 14 4 4 12 12 14 
31 31 31 30 30 30 30 30 30 30 12 30 14 14 14 12 12 4 14 
62 30 30 62 14 14 30 30 30 28 12 14 14 12 14 14 12 4 4 
26 30 62 30 30 30 30 30 30 30 14 30 14 14 12 15 4 6 14 
26 26 30 30 30 30 30 30 30 30 30 30 31 12 15 4 4 14 14 
26 30 26 30 30 30 30 30 30 30 30 30 29 30 29 29 6 12 4 
26 26 30 30 30 30 30 30 30 30 30 30 30 30 30 22 30 10 10 
26 26 26 30 30 30 30 30 30 30 14 6 30 30 30 22 30 10 10 
26 26 26 26 26 26 30 26 30 30 6 14 14 30 14 18 18 18 46 
26 26 26 26 26 30 30 30 30 30 26 30 6 6 18 30 22 30 46 
26 26 27 26 26 27 31 30 30 30 6 30 6 26 22 30 30 30 62 
26 26 26 27 27 26 26 26 26 26 26 30 4 58 58 30 30 30 14 
26 26 27 27 26 26 26 26 26 26 26 30 58 58 22 30 30 30 30 
