9 9 11 10 10 10 27 26 26 25 25 9 31 31 29 13 13 13 9 
9 11 9 10 9 10 25 26 26 26 25 9 29 29 29 13 13 9 9 
9 9 9 11 25 25 26 13 12 13 29 9 13 29 29 29 13 13 13 
9 9 9 9 24 10 26 26 10 12 29 13 13 13 13 13 13 12 13 
9 9 9 25 9 29 9 10 10 10 29 29 29 29 13 28 12 29 13 
9 9 9 9 13 9 9 25 24 8 29 29 12 5 13 12 12 28 28 
13 9 13 9 9 29 9 9 9 25 29 28 12 12 12 12 12 28 12 
9 9 9 9 5 29 29 9 9 9 25 9 12 12 28 13 12 12 12 
9 9 9 5 5 5 25 29 25 25 25 9 21 29 28 29 12 28 13 
9 9 9 9 5 5 29 29 29 25 25 5 5 29 13 28 28 13 13 
9 9 13 13 13 29 29 29 25 25 25 5 29 13 13 13 13 13 13 
9 9 9 13 29 29 29 29 5 25 5 29 13 13 13 13 13 13 13 
9 9 9 13 29 29 29 29 29 5 5 13 5 13 13 13 13 13 29 
9 9 25 29 29 29 29 29 13 13 13 5 5 5 15 7 13 13 13 
9 9 13 25 25 25 29 13 13 13 13 13 13 15 15 15 29 13 61 
9 9 29 29 25 25 25 1 13 13 21 13 13 41 9 9 5 61 57 
9 29 29 25 25 25 25 17 9 21 21 21 17 41 45 45 57 61 61 
9 25 29 25 25 25 25 25 5 21 21 21 57 41 41 57 41 37 53 
25 25 25 25 25 25 25 25 21 21 21 21 57 57 41 41 41 45 53 
