15 15 15 15 15 11 11 11 11 15 13 15 12 45 44 44 12 12 12 
15 15 15 15 15 15 11 11 10 13 13 13 13 13 12 44 44 12 12 
15 15 15 15 15 15 15 13 11 4 13 13 15 12 28 28 12 12 12 
15 11 11 11 15 15 13 13 13 13 13 29 13 12 28 28 12 12 12 
11 11 11 9 11 13 11 13 13 13 13 29 13 13 12 28 12 12 12 
15 9 9 9 9 13 13 13 13 13 13 29 13 13 13 45 44 13 13 
11 11 9 9 9 13 9 5 13 13 13 13 13 13 45 45 45 45 13 
11 9 11 9 9 25 25 21 5 5 13 13 13 13 13 45 13 45 45 
11 9 9 9 9 9 25 45 45 45 5 13 13 13 45 45 45 45 45 
11 9 11 9 11 25 25 57 5 5 5 5 13 13 13 5 45 44 45 
11 11 11 11 11 11 25 37 37 45 5 13 37 13 36 12 13 12 13 
11 11 11 11 11 13 13 45 37 37 13 37 37 36 36 36 12 12 12 
11 9 9 11 15 45 13 45 37 5 44 36 36 12 44 12 12 12 44 
15 11 9 11 11 9 13 13 5 5 5 12 36 36 44 12 12 44 44 
15 15 11 11 11 11 13 5 5 5 13 4 12 12 4 12 44 45 45 
15 15 15 11 11 11 11 4 13 5 4 4 4 12 12 12 13 45 44 
15 15 15 15 11 11 11 13 13 4 5 12 4 4 45 12 13 45 45 
15 15 15 15 15 11 11 13 13 5 28 12 12 12 44 45 45 45 45 
15 15 15 15 15 11 13 13 13 13 13 28 12 4 12 45 45 45 45 
