43 43 43 41 43 59 59 59 59 58 58 26 26 26 42 42 11 10 11 
43 41 43 41 41 59 43 59 59 43 58 10 10 10 42 42 42 10 10 
59 43 41 41 41 41 59 43 43 10 26 26 10 10 10 10 10 10 10 
59 59 41 41 41 41 41 43 27 26 26 26 26 26 10 10 10 10 10 
59 43 43 43 41 41 41 26 26 10 26 26 44 14 14 26 10 10 10 
59 43 43 41 43 41 47 27 26 26 26 26 44 44 14 26 42 10 10 
59 43 43 43 43 43 47 47 31 44 28 44 44 12 8 14 28 8 60 
44 43 44 43 43 43 44 46 14 46 44 44 44 46 42 8 42 10 8 
44 44 44 44 43 47 47 46 46 46 44 44 62 46 47 46 15 40 40 
44 32 44 59 43 43 47 47 44 46 44 14 62 63 47 47 10 42 8 
40 40 56 43 42 43 47 43 8 40 44 44 62 6 46 47 38 42 42 
40 42 42 42 10 40 8 8 40 44 44 46 60 60 62 38 38 38 38 
60 60 42 40 8 40 8 40 44 44 60 60 30 28 22 6 38 38 38 
60 56 40 56 56 40 44 44 40 60 54 62 62 22 6 6 6 38 52 
56 56 56 56 56 56 44 44 44 60 54 46 60 28 22 4 52 52 52 
56 56 56 56 56 44 44 44 44 44 44 44 44 44 54 38 52 52 52 
56 56 56 56 56 44 44 44 44 44 44 44 44 22 54 54 20 20 52 
56 56 56 56 56 56 40 44 44 44 44 44 44 60 52 60 60 22 54 
56 56 56 56 56 40 44 44 44 44 60 44 60 60 52 60 60 54 54 
