62 58 62 62 54 54 54 54 54 23 23 23 23 7 7 7 7 7 7 
62 62 62 62 62 54 55 55 54 54 23 22 23 23 7 7 7 7 7 
62 62 62 62 62 62 31 31 23 23 23 23 22 23 23 7 7 23 7 
62 62 62 62 62 63 31 63 31 31 23 30 23 23 23 7 23 7 55 
62 62 62 62 63 63 31 31 31 63 63 63 31 55 55 55 23 55 55 
62 63 62 62 63 31 31 31 31 63 63 63 55 55 55 55 23 55 55 
63 55 55 62 30 31 31 63 63 63 63 63 63 55 63 55 23 23 55 
63 55 54 54 63 23 55 31 63 63 55 63 63 31 63 23 23 55 55 
63 55 54 54 55 55 55 55 63 63 63 63 63 55 31 23 23 55 55 
62 63 62 62 62 55 55 61 61 55 55 63 63 31 23 31 23 23 55 
63 61 62 55 55 55 55 61 61 55 63 63 63 63 55 55 55 63 53 
60 60 63 63 55 55 55 63 63 63 63 63 63 63 61 55 55 63 61 
60 60 60 63 63 63 63 63 63 63 63 63 55 63 63 63 55 61 61 
60 60 63 63 63 55 55 63 63 63 63 63 63 63 63 63 55 61 61 
63 63 63 63 63 63 63 63 63 63 63 63 63 63 63 63 55 63 61 
63 63 63 63 63 63 63 63 63 63 63 63 63 63 63 63 63 63 63 
63 63 63 63 63 63 63 63 63 63 63 63 63 63 63 63 63 63 63 
47 47 63 47 47 63 63 63 63 63 63 63 63 63 63 63 63 63 63 
47 47 63 63 63 63 63 63 63 63 63 63 63 63 63 63 63 63 63 
