39 39 23 22 62 62 62 60 60 62 60 60 60 60 60 62 60 60 60 
46 55 54 54 62 62 62 60 60 60 60 60 60 60 60 60 60 60 60 
62 63 54 52 62 62 62 60 28 60 62 62 62 28 60 60 60 60 60 
62 62 60 52 52 62 52 20 20 60 60 60 60 28 28 28 62 60 20 
62 62 60 62 52 52 20 21 20 60 28 28 28 60 28 60 62 20 60 
30 30 30 62 52 61 29 52 28 28 60 28 28 28 60 44 44 52 60 
62 28 62 62 60 61 60 53 52 28 60 60 28 52 44 44 60 60 60 
28 60 28 62 62 53 52 20 52 52 28 60 60 60 44 12 44 60 60 
62 60 60 60 54 52 52 52 52 44 44 44 60 60 60 8 8 12 60 
30 60 60 60 52 52 52 20 28 52 44 61 24 60 12 28 40 60 60 
28 30 60 28 52 60 44 60 60 44 44 12 8 8 12 8 40 60 60 
30 30 30 30 30 28 44 60 60 60 44 56 8 8 8 8 40 40 61 
12 28 28 30 62 44 44 12 60 40 44 8 40 8 8 8 9 40 24 
28 28 30 28 28 28 44 28 44 60 44 56 40 40 8 41 24 8 29 
12 28 30 30 28 28 28 12 44 24 44 44 56 40 40 24 24 24 24 
12 28 28 28 28 28 28 28 8 24 24 24 40 56 40 42 26 40 56 
28 28 28 28 12 12 28 14 28 24 24 24 24 40 56 10 26 26 24 
28 28 28 60 44 12 14 14 30 56 56 24 24 56 56 58 26 26 24 
28 28 28 28 46 44 44 14 46 56 56 56 24 24 56 58 26 24 24 
