63 63 63 31 31 31 31 31 63 63 63 63 63 59 59 59 59 27 27 
63 63 31 31 31 63 31 63 63 63 59 59 59 59 59 27 27 27 27 
63 63 63 63 63 63 63 63 63 31 31 59 27 59 27 27 27 27 27 
55 55 63 63 63 63 63 63 27 31 59 59 59 63 27 19 19 19 27 
55 63 55 63 31 63 63 63 63 27 31 63 63 63 27 27 27 19 27 
53 55 55 55 31 31 63 63 63 31 31 63 63 63 63 63 59 59 59 
53 53 63 63 27 31 61 27 31 31 31 31 31 31 31 31 59 59 27 
53 57 62 63 31 31 31 29 31 31 30 31 31 31 30 30 26 27 27 
57 58 30 31 29 31 29 31 31 31 31 30 26 26 26 26 26 26 27 
57 29 63 21 61 31 31 31 31 31 31 26 26 26 26 27 27 31 59 
61 31 21 21 23 31 31 31 62 31 31 62 27 27 27 59 15 15 31 
61 61 53 21 21 23 62 62 62 46 31 62 61 31 59 59 15 15 15 
61 53 53 53 53 60 60 63 61 45 63 46 45 58 58 57 57 15 15 
61 53 53 53 52 61 28 61 60 45 45 45 62 62 62 63 31 31 31 
61 53 61 52 45 45 47 31 61 45 13 13 13 30 62 15 31 31 31 
61 29 61 13 13 45 15 13 63 61 13 13 31 13 15 14 15 14 15 
29 29 29 13 13 13 31 29 29 29 13 31 31 13 15 15 15 14 15 
63 13 15 13 15 15 29 31 31 31 29 31 63 29 29 31 15 15 15 
13 13 13 15 15 13 29 15 31 15 15 31 29 29 31 31 31 31 15 
