54 54 54 54 54 54 46 46 46 46 44 44 44 44 62 30 30 30 30 
54 54 54 54 54 54 46 46 46 46 44 44 44 44 60 30 30 30 30 
54 54 54 54 54 54 62 46 46 46 46 12 44 44 44 28 30 30 30 
54 54 50 50 50 62 54 62 44 46 46 12 60 44 60 62 30 14 14 
54 50 50 50 60 60 60 44 44 60 46 60 60 60 60 60 31 15 31 
38 38 54 50 50 50 46 44 44 44 60 60 44 28 62 30 30 15 31 
62 46 50 50 50 46 46 44 60 44 44 44 44 62 30 30 30 31 30 
38 46 38 50 50 46 44 44 40 44 44 44 44 62 46 30 29 30 30 
34 46 46 62 46 40 46 40 40 40 44 44 44 58 62 62 62 62 62 
46 46 46 62 46 62 40 44 42 42 42 62 58 62 42 62 62 62 28 
46 60 46 62 62 62 44 44 44 46 42 62 58 58 62 62 62 60 28 
44 46 60 46 62 62 46 44 42 58 62 62 62 62 62 62 62 28 28 
44 44 46 44 46 62 46 60 42 58 58 62 58 62 62 30 30 30 30 
60 46 44 44 62 60 60 60 62 30 58 58 58 58 26 26 30 26 62 
44 62 62 46 60 46 30 62 30 30 58 58 58 58 26 26 26 30 62 
60 60 62 62 30 30 30 30 30 62 62 58 58 58 58 30 30 42 46 
60 60 62 62 62 30 30 30 30 30 62 62 62 58 62 30 2 42 42 
62 60 62 62 62 62 30 62 62 30 62 62 62 62 62 30 58 42 42 
60 60 60 62 62 63 63 30 30 30 62 62 62 62 62 58 26 42 42 
