3 3 3 3 3 3 3 3 15 15 15 15 15 15 15 15 47 47 47 
3 3 3 3 3 3 3 15 15 15 15 15 15 15 47 15 47 47 47 
7 5 3 3 31 31 7 15 15 15 15 15 15 63 31 47 47 47 47 
4 4 4 4 31 31 31 15 15 15 15 15 15 47 47 47 47 47 47 
7 13 12 28 5 12 31 13 13 15 31 15 47 47 47 47 47 47 47 
29 28 12 12 28 12 12 13 31 31 14 15 15 47 47 47 46 46 47 
28 12 28 28 28 12 13 29 29 12 14 14 44 47 47 47 62 62 62 
28 28 28 28 12 12 12 28 13 13 14 12 14 47 15 15 14 62 62 
28 28 28 12 12 12 28 28 28 12 12 4 4 8 14 14 63 62 62 
28 28 28 12 12 14 6 28 14 12 4 4 8 8 14 19 62 62 62 
28 28 28 28 28 12 4 4 8 12 8 4 4 22 8 62 62 62 62 
28 28 28 28 28 12 28 12 28 44 4 20 20 20 60 60 62 60 62 
28 28 28 28 28 12 28 28 44 44 44 4 4 20 28 62 28 56 60 
28 28 28 28 28 28 28 28 28 56 20 4 52 28 52 28 56 56 56 
28 28 28 28 12 28 28 28 28 24 28 28 60 24 28 60 56 56 56 
28 28 28 28 28 28 28 28 24 24 24 24 56 24 56 56 56 56 56 
28 28 28 28 28 28 28 28 28 24 24 24 24 28 56 56 56 56 56 
28 28 28 28 28 28 28 28 28 24 24 28 60 60 56 56 24 56 24 
28 28 28 28 28 28 28 28 28 28 56 24 56 56 56 24 56 24 24 
