18 18 18 22 22 22 23 23 23 22 23 23 23 53 61 61 53 53 53 
18 18 18 18 22 22 22 23 22 22 22 23 23 55 53 61 53 53 53 
18 18 18 22 23 54 54 22 22 22 22 23 22 23 55 55 61 53 53 
18 18 18 18 23 23 54 55 23 54 54 54 54 54 55 45 45 37 53 
21 18 22 21 21 54 23 55 55 55 54 54 22 55 55 61 45 61 54 
21 17 17 21 21 63 31 55 54 54 55 54 22 54 54 55 60 62 62 
29 52 53 21 31 55 23 23 23 54 55 55 54 54 55 60 60 46 47 
63 55 52 21 29 29 55 29 54 55 55 55 55 22 54 55 63 47 47 
63 55 55 29 29 29 29 29 22 53 55 53 23 23 54 54 55 63 47 
63 55 55 55 63 29 29 31 53 53 53 22 23 55 54 55 63 63 55 
55 53 53 63 53 53 55 31 31 21 20 23 20 23 55 55 63 63 55 
63 53 61 53 62 53 22 31 30 60 60 60 60 52 31 55 63 63 63 
60 53 53 53 54 22 22 30 28 62 62 62 23 63 55 55 63 63 63 
63 61 60 52 22 22 22 22 30 62 62 63 63 63 63 55 63 63 63 
60 28 61 60 54 20 30 30 30 62 62 63 63 63 63 63 63 63 63 
28 28 30 30 30 30 22 30 30 62 62 63 63 63 63 63 63 63 63 
28 28 28 62 30 20 62 30 30 30 29 31 63 63 63 63 63 63 63 
28 28 28 60 28 30 58 58 26 30 31 31 63 61 31 31 31 63 31 
28 28 28 28 28 28 30 58 30 31 31 31 29 29 29 31 31 63 63 
