61 61 61 61 61 61 61 56 62 30 60 28 28 60 12 28 30 30 30 
61 61 61 61 57 61 61 61 60 60 28 28 60 12 12 12 12 30 30 
61 61 61 61 57 57 61 60 60 60 28 28 28 28 12 28 28 30 24 
61 61 61 60 57 56 60 60 60 60 60 28 28 60 28 44 24 30 28 
61 61 62 60 60 60 60 60 60 60 60 60 28 28 28 28 28 28 40 
63 63 62 60 60 60 60 44 60 60 60 28 28 28 28 12 12 8 40 
63 63 55 63 60 60 60 60 60 60 28 28 28 28 12 12 12 24 40 
63 63 63 60 60 60 60 12 28 28 28 28 28 8 28 12 28 28 24 
62 63 60 60 60 60 60 61 12 44 28 28 12 28 8 24 28 28 8 
60 60 62 58 42 60 61 61 61 12 12 12 28 8 8 8 8 8 8 
60 42 44 58 58 58 61 61 13 12 12 12 8 28 8 24 24 8 8 
44 44 44 44 58 42 60 44 13 12 44 12 8 24 8 24 8 8 40 
44 60 44 44 44 46 44 44 44 44 44 12 28 24 24 8 8 40 40 
28 28 46 44 46 44 44 44 60 44 12 28 28 28 8 56 8 40 8 
28 46 46 46 46 46 44 44 45 13 44 44 12 24 8 8 56 8 40 
30 12 46 44 46 28 44 44 44 45 45 44 41 40 28 60 60 44 40 
28 28 12 28 28 44 44 44 44 45 45 45 44 44 60 60 61 44 60 
12 12 12 12 28 44 28 45 44 44 45 41 45 45 44 44 60 60 60 
12 28 12 12 12 44 44 44 45 44 44 41 45 40 44 60 60 60 60 
