45 45 45 45 58 44 58 58 58 58 58 58 58 58 43 43 42 42 42 
45 45 45 45 44 42 42 50 58 58 58 58 58 58 43 42 43 42 42 
45 45 45 41 58 42 50 50 50 58 58 58 58 59 43 42 42 42 42 
45 53 53 37 37 34 50 50 54 58 58 58 42 62 46 42 42 42 42 
53 53 53 53 37 61 50 58 58 58 58 58 62 62 62 42 42 42 42 
53 53 53 37 37 61 53 54 54 58 58 58 42 62 46 42 42 42 42 
53 53 53 53 62 63 62 62 62 40 58 42 46 46 42 46 42 46 46 
38 54 53 54 53 62 62 62 58 59 42 62 46 46 46 46 46 46 46 
54 54 54 62 54 52 43 43 42 43 42 43 42 46 46 42 42 43 31 
54 54 62 62 62 58 63 43 42 43 43 42 42 62 46 46 62 63 63 
62 62 62 62 62 58 58 59 42 42 46 42 46 42 62 40 60 63 63 
62 62 62 62 62 46 43 42 46 46 42 42 46 42 42 60 60 60 63 
62 54 62 46 42 59 59 30 46 46 62 42 58 62 60 60 60 60 63 
54 54 54 46 46 46 59 46 46 62 62 58 62 62 62 60 60 63 44 
62 54 54 62 46 62 46 46 46 46 62 62 58 62 62 60 63 60 44 
62 62 62 46 62 62 62 46 46 46 62 62 62 62 62 63 63 45 44 
62 62 62 62 62 62 62 62 62 62 62 62 62 62 62 62 44 44 44 
62 62 46 62 62 62 62 62 62 62 44 62 62 62 62 44 44 44 44 
62 62 62 62 62 62 62 62 62 62 60 62 62 62 62 62 44 44 44 
