50 50 50 58 58 58 58 58 34 34 34 34 34 34 34 34 34 34 34 
50 50 50 58 59 58 42 50 34 50 34 34 34 34 34 34 34 34 34 
50 58 50 58 58 42 42 42 34 34 34 34 34 34 34 34 34 34 34 
58 58 58 58 58 58 58 42 42 34 34 34 34 50 34 34 34 34 34 
58 58 50 58 58 50 50 50 58 34 35 34 50 34 34 34 34 34 34 
50 58 50 50 50 50 50 58 58 58 35 19 50 50 34 34 34 34 34 
50 50 50 50 50 50 50 50 59 50 50 50 50 34 34 34 34 34 34 
50 50 50 50 50 50 50 50 50 50 50 50 51 50 50 50 50 50 50 
50 50 50 50 50 50 50 50 50 50 50 51 51 50 50 50 50 50 50 
58 58 58 58 50 58 58 58 42 42 42 42 42 42 42 42 42 42 42 
58 58 26 58 58 58 58 58 50 42 42 42 42 42 42 42 42 42 42 
58 58 59 26 58 58 26 26 42 42 42 42 42 42 42 42 42 42 42 
58 58 59 58 58 58 26 26 26 42 42 42 42 42 42 42 42 42 42 
58 58 58 58 58 58 58 58 58 42 42 42 42 42 42 42 11 10 42 
59 27 59 58 58 58 58 58 42 42 42 42 42 42 42 42 10 10 10 
59 59 59 59 58 58 58 58 58 10 10 10 42 42 42 42 10 10 10 
59 59 59 58 58 58 42 42 10 10 10 10 10 42 42 42 10 10 10 
59 50 50 18 26 58 42 42 42 10 10 10 42 42 42 42 10 10 10 
51 51 51 58 42 42 58 58 58 10 10 10 10 10 42 42 10 10 10 
