61 61 61 63 63 61 61 61 61 61 61 61 61 53 53 53 21 21 21 
61 61 61 63 63 61 61 61 61 61 61 61 61 61 53 61 53 21 21 
61 61 31 63 63 61 61 61 61 61 61 53 63 53 61 53 53 53 21 
61 61 61 63 61 61 61 61 61 63 61 61 55 53 53 61 53 21 21 
61 61 61 61 61 61 61 61 61 63 61 63 55 63 53 53 53 21 21 
61 61 61 61 61 61 61 61 63 61 61 63 61 55 55 53 21 21 21 
29 61 63 63 29 63 61 61 63 63 63 61 61 63 55 62 21 22 23 
29 29 63 61 63 63 63 61 63 63 63 63 61 61 60 62 54 53 53 
29 61 61 53 53 61 63 63 63 63 63 63 63 61 61 63 62 61 55 
29 61 61 61 53 53 53 63 61 63 63 63 61 61 61 59 59 59 61 
61 61 61 53 53 53 61 63 55 63 61 61 61 61 57 59 59 59 59 
61 61 61 61 53 53 61 61 53 55 61 61 61 61 61 59 59 58 59 
61 61 61 61 61 61 53 55 53 53 63 53 63 61 61 62 58 58 59 
61 61 61 61 61 61 53 53 53 63 63 63 63 63 61 58 58 58 58 
61 61 61 61 61 53 53 53 53 61 61 63 63 63 61 62 62 58 63 
61 61 61 61 63 61 53 53 61 61 61 63 63 63 63 62 63 63 59 
61 61 61 61 61 61 53 61 61 53 53 63 63 63 62 61 63 63 63 
61 61 61 61 61 61 61 61 41 49 9 61 61 61 61 61 61 63 61 
61 61 61 61 61 61 61 57 9 49 53 45 61 61 61 61 63 61 61 
