7 7 7 7 23 23 23 23 19 19 19 19 21 21 21 19 19 29 29 
7 7 7 23 23 23 21 23 23 18 19 19 21 53 21 19 21 23 29 
7 7 7 23 7 23 23 21 21 21 17 29 21 53 53 29 23 21 25 
23 7 23 23 39 39 21 21 31 29 29 29 29 53 21 23 21 23 21 
23 19 23 23 15 23 21 31 31 31 29 29 29 31 23 21 21 21 21 
23 23 23 55 47 55 47 63 47 21 21 21 29 21 23 23 21 23 21 
23 19 23 55 47 47 47 23 31 23 29 21 21 21 21 23 23 29 21 
7 7 39 63 47 47 39 23 23 23 29 21 21 21 21 23 29 31 25 
7 23 39 47 55 7 63 23 23 21 29 29 31 21 23 23 31 31 31 
23 23 23 23 23 39 39 23 23 55 29 31 63 63 63 23 31 31 31 
23 23 23 23 23 39 23 23 55 23 31 29 63 63 55 23 23 31 31 
23 23 23 23 23 23 23 23 23 55 55 55 63 63 55 23 23 31 23 
23 22 22 23 23 23 23 23 23 55 63 62 63 55 63 23 23 23 23 
22 22 22 21 23 23 23 31 23 55 63 62 62 63 23 23 23 23 23 
19 23 21 21 21 23 23 63 30 62 62 63 62 63 63 23 23 23 23 
23 23 23 21 7 7 31 63 63 30 63 62 63 63 23 23 23 23 31 
19 23 23 23 7 31 31 63 30 26 30 63 63 31 31 31 31 23 23 
19 19 23 23 23 31 31 31 30 30 30 30 63 31 31 31 31 23 23 
19 23 23 23 23 22 31 31 30 30 30 30 31 30 31 31 31 31 31 
