43 43 43 43 42 43 43 43 43 42 46 62 62 62 62 62 62 62 62 
43 43 43 43 43 43 43 42 43 14 47 46 62 62 62 62 62 62 62 
43 43 43 43 43 43 42 43 42 47 43 62 62 62 63 63 62 62 62 
43 43 43 43 43 47 47 46 42 42 43 43 38 54 63 62 62 30 63 
43 43 15 43 43 14 46 42 42 47 63 47 46 63 63 63 63 31 63 
43 43 43 15 42 14 43 43 42 42 35 42 23 31 63 31 59 31 57 
59 59 47 46 46 46 43 46 47 46 47 23 30 30 23 55 21 57 27 
59 59 59 42 46 47 42 47 46 14 46 46 23 55 31 31 27 27 27 
59 63 58 42 58 31 47 42 42 14 46 46 47 55 31 31 51 55 23 
63 63 63 42 62 26 43 43 46 46 46 46 46 55 55 55 55 55 55 
59 59 59 26 62 43 42 42 42 38 62 62 63 31 55 55 55 55 55 
27 27 27 26 63 56 40 56 42 46 62 63 31 31 23 7 31 55 63 
27 27 27 59 31 24 56 56 14 47 42 31 31 15 31 31 63 63 39 
27 27 27 27 31 24 24 56 47 47 63 26 31 11 63 63 47 39 39 
27 27 27 27 27 27 59 27 31 47 31 55 11 55 55 39 39 63 39 
27 31 27 27 27 59 63 31 31 31 31 31 55 43 55 39 39 7 39 
27 59 59 59 59 59 63 31 31 31 31 31 27 27 27 63 39 39 39 
27 59 59 59 59 27 27 31 31 31 31 31 7 27 31 39 39 39 37 
27 59 59 59 59 59 31 31 31 31 31 39 7 31 31 31 39 39 39 
