31 15 27 11 27 31 31 31 31 31 27 26 26 26 26 26 18 26 26 
27 27 27 27 27 31 31 31 31 31 31 26 26 26 26 26 26 26 26 
31 31 27 31 31 31 3 27 27 31 27 26 26 26 26 30 26 26 26 
27 27 27 31 31 31 31 3 26 26 26 26 26 26 30 30 26 26 26 
27 27 27 27 11 31 11 27 10 26 26 26 26 26 26 30 26 26 26 
27 27 27 11 11 11 31 27 26 58 62 26 26 26 26 26 26 26 26 
27 27 11 27 27 31 27 27 58 58 58 26 26 26 26 26 26 26 26 
27 27 27 27 27 27 27 27 59 58 58 26 26 26 26 26 26 26 26 
27 27 27 27 27 27 27 59 58 58 26 26 26 26 26 26 26 10 26 
27 27 27 27 27 11 11 26 27 11 10 26 26 26 30 26 26 58 26 
27 27 27 27 11 11 11 26 27 26 10 10 26 46 42 30 42 42 42 
27 27 27 11 27 27 27 27 26 10 10 26 26 26 42 42 42 42 42 
11 27 11 27 27 27 27 27 27 27 26 42 14 46 42 42 42 42 42 
27 27 27 59 27 27 27 27 27 27 11 15 14 46 46 42 58 42 14 
27 27 27 27 27 27 27 27 27 27 27 11 14 46 46 46 46 14 14 
27 27 27 27 27 27 19 31 27 14 11 15 46 46 14 46 14 14 14 
27 27 27 27 27 27 31 31 30 14 15 15 10 10 46 46 46 14 14 
27 27 27 27 27 27 27 27 30 14 15 15 15 46 46 46 46 14 14 
27 27 27 27 27 27 27 27 27 15 15 15 15 47 46 46 14 14 14 
