26 26 26 26 26 26 26 26 26 26 26 26 26 26 18 18 18 26 26 
26 58 58 26 26 26 26 26 26 26 26 26 26 26 26 26 26 26 26 
26 26 26 26 26 26 26 26 26 26 26 26 58 58 58 58 26 26 26 
26 26 26 26 26 26 26 26 26 58 58 58 26 58 58 26 26 26 26 
26 26 26 26 26 26 26 26 26 58 58 58 26 26 58 58 58 26 26 
26 26 26 26 26 26 26 26 26 26 58 58 26 58 58 58 58 58 26 
26 26 26 26 26 26 26 26 26 26 26 26 26 26 58 58 58 58 58 
10 10 10 42 10 10 26 42 42 10 10 10 10 10 58 58 58 10 10 
10 10 10 10 42 10 10 10 42 10 10 10 10 10 10 10 10 10 10 
10 42 42 42 42 42 10 42 42 10 10 10 10 10 10 10 10 10 10 
42 42 42 42 42 42 42 42 42 10 10 10 10 10 10 10 10 10 10 
40 40 40 40 40 42 42 40 40 8 8 8 8 8 8 8 8 8 8 
40 40 40 40 40 40 40 40 40 8 8 8 8 8 40 8 8 8 8 
40 40 40 40 40 40 40 40 40 8 40 40 8 8 40 40 8 8 8 
40 40 40 40 40 40 40 40 8 8 8 40 8 40 40 8 8 8 8 
40 40 40 40 40 32 40 40 40 8 8 8 8 40 8 8 8 8 8 
40 40 40 40 40 40 40 40 40 40 40 8 40 8 8 8 8 8 8 
40 40 40 40 40 40 40 40 40 40 40 40 40 8 41 8 8 8 8 
40 40 40 40 44 40 40 40 40 40 40 40 40 40 40 8 8 40 8 
