35 35 37 37 37 39 39 37 35 35 35 35 35 35 35 35 51 51 51 
35 35 37 39 5 39 39 39 35 35 35 35 35 35 35 51 51 51 51 
35 35 39 39 39 39 39 37 35 41 35 35 35 35 35 51 51 51 51 
35 39 39 39 35 39 37 47 33 41 35 41 33 39 51 51 51 51 51 
3 35 35 37 33 37 37 37 37 41 41 41 55 55 51 51 51 51 51 
1 35 35 33 33 37 33 41 41 41 33 41 39 55 53 37 51 51 51 
3 3 3 33 33 47 47 41 41 41 41 39 39 55 53 37 37 37 37 
3 3 35 1 1 15 47 43 43 41 39 55 39 55 55 37 53 37 37 
47 3 3 3 45 1 13 43 47 43 59 55 55 53 53 53 53 37 37 
47 45 45 45 45 45 45 45 47 47 43 55 35 23 39 53 37 37 61 
45 45 45 33 45 35 45 35 47 43 41 55 55 55 15 61 37 37 37 
45 45 15 47 43 35 3 47 47 47 45 33 55 15 15 15 61 37 63 
61 61 45 61 47 47 47 47 47 35 15 23 13 15 15 63 39 39 55 
61 61 61 61 47 47 47 47 47 47 47 47 15 15 15 15 39 63 63 
61 61 45 61 63 47 47 47 47 47 47 47 15 15 15 63 63 63 63 
61 61 61 61 61 47 47 47 47 15 47 47 47 15 31 15 63 47 47 
61 61 29 45 47 47 47 47 15 15 47 47 47 47 47 31 63 47 47 
61 45 45 45 45 47 47 47 15 15 47 47 47 47 47 47 47 47 47 
45 45 45 45 47 47 45 47 15 47 47 47 47 47 47 47 47 47 47 
