38 38 38 38 38 22 22 38 38 38 46 46 62 63 61 61 61 61 61 
38 38 38 38 38 6 6 46 38 46 62 62 62 62 54 54 61 61 57 
38 38 38 38 38 6 6 38 46 46 62 46 62 62 54 52 61 60 60 
38 38 38 38 6 6 46 46 46 46 62 62 60 60 60 54 60 60 60 
38 38 38 38 38 38 38 46 46 46 46 46 62 60 54 54 54 61 60 
38 38 54 38 38 38 6 38 46 46 46 62 62 62 62 62 63 60 60 
54 54 54 38 54 6 38 38 46 46 46 54 62 62 62 49 49 57 58 
54 54 54 54 46 54 14 54 54 54 62 62 54 54 54 58 49 58 58 
54 54 54 46 46 38 54 54 54 54 46 54 54 54 58 58 58 58 58 
46 46 46 46 46 58 54 50 58 42 58 62 62 62 58 62 58 58 58 
46 46 46 62 46 62 58 58 58 58 46 46 46 62 62 62 58 58 58 
46 46 46 46 46 46 58 46 58 42 58 46 62 62 62 62 58 58 58 
46 46 46 46 62 46 46 42 46 62 38 62 62 58 58 58 58 58 62 
46 46 46 44 46 46 46 38 46 38 38 38 62 58 58 58 58 62 58 
46 46 44 46 46 46 46 46 46 38 38 58 58 58 58 58 58 58 58 
46 46 46 46 46 38 38 38 46 46 38 42 58 58 58 58 58 58 58 
46 46 46 46 38 38 38 38 38 42 42 42 58 58 58 58 58 58 58 
46 46 46 46 46 46 38 38 38 42 42 42 58 58 58 58 58 58 58 
46 46 46 46 38 46 38 38 38 42 42 42 58 58 58 58 58 58 58 
