42 42 46 46 42 46 46 46 46 46 46 46 46 46 42 42 42 42 42 
42 42 46 42 42 46 46 46 46 46 46 46 46 46 46 42 42 42 42 
42 42 42 42 42 46 46 46 46 46 46 46 46 46 46 42 44 42 42 
42 42 42 42 46 46 46 46 46 46 46 62 46 44 62 40 60 60 44 
42 42 42 42 42 42 42 46 46 46 46 62 62 60 44 60 60 60 44 
42 42 42 42 42 42 42 46 46 46 62 62 62 60 44 58 60 44 44 
42 42 42 42 42 42 58 42 58 62 62 62 60 44 56 40 60 60 44 
42 42 42 42 42 42 58 42 58 40 60 60 60 56 56 56 44 60 60 
42 42 42 42 58 58 58 58 42 60 44 44 58 56 56 56 56 60 60 
42 42 42 58 42 58 58 58 56 56 61 44 42 56 56 56 40 42 58 
42 42 42 42 58 42 58 58 58 57 58 44 58 56 56 56 56 58 42 
58 42 42 42 58 42 58 58 56 56 57 56 58 58 58 56 58 46 42 
58 58 46 58 58 58 58 58 56 56 58 58 58 58 58 58 46 46 42 
58 58 58 58 58 58 58 58 56 58 58 58 58 58 58 58 42 46 58 
58 58 58 58 58 58 58 58 58 58 58 58 58 58 58 58 58 58 58 
58 58 58 58 58 58 58 58 58 58 58 58 58 58 58 58 58 58 58 
58 58 58 58 58 58 58 58 58 58 58 58 58 58 42 58 42 58 58 
58 58 58 58 58 58 58 58 58 58 58 58 58 58 58 42 42 58 58 
58 58 58 58 62 62 58 58 58 58 58 58 58 58 58 58 58 58 58 
