63 55 55 55 61 55 55 55 55 53 53 53 53 61 61 61 61 61 61 
61 61 61 61 61 63 55 61 53 53 53 53 61 61 61 61 61 61 61 
63 63 55 53 61 61 61 61 61 53 61 61 61 61 61 61 61 61 61 
63 63 61 53 53 61 61 61 61 61 61 61 61 61 60 61 61 61 61 
63 63 61 53 53 60 61 61 61 60 61 61 61 60 60 60 61 57 61 
63 63 61 63 53 60 60 61 60 60 61 61 60 57 60 61 57 57 57 
31 31 63 53 53 61 60 61 52 60 60 52 57 57 57 57 57 57 57 
27 63 63 63 61 61 61 53 60 60 60 61 60 41 58 61 61 61 61 
63 63 63 63 61 61 61 61 61 60 61 61 61 42 57 62 62 58 61 
61 63 63 63 61 61 61 61 61 61 61 45 45 45 60 62 61 61 61 
61 63 63 61 61 63 63 61 61 61 61 45 45 44 61 61 62 61 29 
63 63 61 63 61 61 63 63 45 61 61 61 61 61 60 61 61 61 61 
63 63 61 61 63 63 63 63 61 45 61 61 61 60 60 61 61 61 61 
63 63 61 63 63 63 63 63 63 45 61 61 61 61 61 61 61 61 61 
63 63 61 61 63 63 63 63 63 63 61 61 53 61 61 61 61 61 61 
63 63 60 63 63 63 63 63 63 52 53 53 61 61 61 61 61 61 61 
45 63 63 63 63 63 63 63 53 21 21 53 53 61 61 61 61 61 61 
45 63 63 63 63 63 63 61 21 21 21 53 53 53 61 61 61 61 61 
45 63 63 63 63 63 61 61 61 21 53 61 61 61 61 61 61 61 61 
