42 42 42 42 42 42 43 43 43 43 61 61 59 55 55 55 62 63 63 
42 43 42 42 46 42 47 39 43 39 41 53 54 54 55 62 62 62 63 
42 43 43 42 42 42 47 47 39 39 53 61 61 62 62 62 62 62 62 
38 39 55 43 42 42 47 47 47 39 37 61 62 61 62 62 62 62 62 
38 55 55 39 43 42 46 46 47 39 37 37 61 62 62 62 62 62 62 
54 51 55 39 38 42 42 55 39 47 47 54 62 63 39 62 62 62 62 
55 51 55 55 39 43 55 55 55 39 39 47 62 39 39 46 62 63 62 
55 55 53 55 55 55 55 55 55 39 39 55 57 39 38 38 62 63 63 
55 55 55 55 55 55 55 55 55 33 39 57 57 39 39 39 63 63 63 
55 55 55 53 63 55 53 53 39 55 57 57 57 39 57 63 63 63 63 
55 53 55 63 63 61 37 37 57 33 57 57 57 63 63 63 57 63 63 
53 63 59 55 63 37 37 37 37 57 59 57 55 63 63 63 57 57 63 
61 59 59 59 63 63 61 37 57 57 57 57 57 55 63 63 57 59 59 
61 61 59 59 59 55 53 53 57 57 57 57 55 63 57 57 59 55 59 
63 61 55 55 59 59 53 53 57 57 57 55 55 55 63 63 63 55 59 
63 55 55 55 57 53 61 61 61 57 57 57 55 63 63 63 59 49 59 
63 63 55 57 57 63 63 63 61 63 55 49 55 63 55 57 57 57 57 
63 63 63 57 57 57 63 57 61 61 57 57 57 63 57 63 57 57 57 
63 63 61 61 57 61 61 61 61 61 61 57 57 63 63 63 63 57 63 
