14 13 13 12 12 12 12 12 31 31 31 31 31 31 31 31 31 31 31 
15 12 12 15 12 28 12 28 31 31 31 31 15 31 31 31 31 31 31 
14 12 12 12 12 12 28 12 12 31 31 15 15 15 15 23 31 23 31 
15 15 14 12 12 12 12 12 28 31 31 31 29 15 15 15 23 31 31 
15 15 12 12 28 28 30 28 28 28 28 27 15 15 31 23 23 23 31 
15 15 12 28 28 28 12 28 28 28 28 28 27 27 27 23 23 23 31 
15 15 12 12 28 28 28 28 28 61 28 27 11 11 23 15 23 23 23 
15 15 15 28 15 28 28 28 29 26 31 26 26 27 15 31 15 23 23 
15 15 28 15 15 31 12 28 28 28 31 31 27 11 31 15 31 31 31 
15 15 15 15 31 15 31 28 24 29 31 31 31 31 31 31 15 15 31 
15 15 15 15 15 15 31 31 24 24 31 31 15 15 15 15 15 15 31 
15 15 31 15 15 15 31 31 24 25 28 31 15 27 27 31 15 31 15 
15 15 15 15 15 31 31 31 31 31 31 31 31 31 11 31 31 31 23 
15 15 15 15 31 31 31 31 31 31 15 15 15 15 31 31 15 31 23 
15 15 15 15 15 15 31 31 15 15 15 15 15 15 31 31 30 31 23 
15 15 15 15 15 31 31 31 31 15 15 15 15 15 31 31 31 30 23 
15 15 15 31 15 15 15 15 15 15 15 15 15 15 15 31 31 31 31 
15 15 15 15 31 15 15 15 15 15 15 15 15 15 15 15 15 15 31 
15 15 15 15 15 15 31 15 15 15 15 15 15 31 31 31 15 15 15 
