13 5 13 15 45 45 47 45 45 45 45 45 45 45 45 45 45 45 45 
15 5 13 5 47 45 45 45 45 45 45 45 45 45 45 45 45 45 45 
13 13 5 13 13 37 45 45 45 45 45 45 45 45 45 45 45 45 45 
13 13 13 5 5 5 37 45 45 45 45 45 45 45 45 45 45 45 45 
13 13 5 5 5 37 45 45 45 45 45 45 45 45 45 45 47 45 45 
13 5 5 5 5 5 37 47 39 45 45 45 45 45 45 47 47 47 45 
15 15 13 5 5 5 45 47 45 13 13 45 45 45 45 45 45 45 45 
13 13 13 5 5 13 15 47 15 15 13 5 45 5 45 45 45 45 45 
13 13 13 5 5 5 5 15 47 13 13 13 5 5 5 45 45 45 45 
13 13 13 13 5 5 7 15 15 47 37 5 5 13 37 45 45 45 45 
5 5 13 13 13 13 5 15 5 5 5 13 45 13 13 13 45 45 45 
5 21 13 13 13 13 13 5 5 5 13 13 13 13 5 45 37 45 45 
5 5 5 21 5 13 5 5 5 5 5 13 13 13 13 13 45 45 45 
13 13 21 5 5 13 13 5 5 5 13 5 5 5 13 13 45 45 45 
13 13 21 5 5 13 5 13 5 5 13 13 13 13 13 13 13 13 13 
13 13 21 5 5 13 13 13 13 13 13 13 13 13 13 13 13 13 13 
9 9 5 5 9 13 13 13 13 13 13 13 13 13 13 13 13 13 45 
9 9 5 13 13 13 13 13 13 13 13 13 13 13 13 13 13 45 45 
9 9 9 13 13 13 13 13 13 13 13 13 13 13 13 13 13 45 45 
