7 7 7 7 2 2 2 2 2 20 20 20 20 20 20 28 28 28 28 
3 3 7 2 2 2 2 2 2 20 20 20 24 20 20 20 28 28 28 
7 2 14 22 2 2 6 2 2 2 10 20 24 24 16 28 24 28 28 
2 30 6 6 2 6 6 6 4 12 10 10 24 24 24 24 28 28 28 
6 30 22 6 6 6 6 6 6 12 10 10 4 24 16 28 28 28 28 
22 30 22 22 22 6 22 6 12 12 2 14 20 20 20 20 28 28 28 
22 22 14 22 14 6 6 6 6 30 14 14 4 20 20 28 28 28 12 
22 46 14 14 14 6 6 6 30 22 14 14 12 12 12 12 12 28 12 
29 46 15 12 14 6 30 14 6 6 6 14 14 12 12 12 12 12 12 
46 46 44 14 14 14 14 14 14 6 14 30 30 12 12 12 12 12 12 
15 46 46 45 12 28 30 30 30 14 14 62 14 12 12 12 12 12 12 
44 46 46 29 28 28 12 30 14 15 15 15 28 12 12 12 12 12 12 
44 46 44 29 28 28 28 62 46 46 14 14 62 60 60 60 12 12 12 
44 46 46 28 44 60 28 60 44 30 47 46 28 60 60 28 60 12 60 
13 47 28 44 44 36 60 62 55 46 46 47 44 62 28 60 30 60 60 
60 61 62 12 44 45 46 14 46 46 46 46 14 14 12 12 12 30 44 
44 61 60 60 60 60 14 14 15 46 46 46 14 14 14 12 62 44 44 
12 61 60 60 60 62 46 14 46 46 46 46 14 46 12 12 62 62 44 
60 60 28 28 28 62 46 46 46 46 46 46 46 46 44 44 60 44 44 
