27 27 27 19 19 19 35 35 35 51 59 59 59 59 59 59 63 63 63 
27 27 27 27 19 3 3 35 51 51 51 59 59 59 59 63 63 63 63 
27 27 27 27 3 27 3 3 51 51 59 59 59 51 51 51 63 63 63 
27 27 19 27 3 11 3 51 51 59 19 19 55 55 55 63 63 63 63 
19 19 27 19 3 1 3 19 51 27 59 27 55 55 63 63 63 63 63 
19 19 19 27 19 17 1 27 19 27 27 27 23 55 55 63 55 63 63 
19 19 19 19 19 27 1 25 25 25 51 27 55 55 55 55 63 63 63 
19 3 19 19 17 17 25 25 25 27 27 19 23 55 23 23 63 63 63 
19 19 19 19 17 17 25 25 25 25 51 51 51 51 55 63 63 63 57 
19 17 17 17 17 17 17 25 25 25 25 51 53 17 25 59 59 61 57 
19 17 17 17 17 17 17 25 25 17 17 21 17 25 25 57 29 61 61 
17 17 17 17 17 17 17 25 17 17 17 17 17 57 25 25 57 61 61 
17 17 17 17 17 25 17 25 17 17 17 17 17 57 57 27 29 61 29 
17 17 17 17 17 17 17 17 17 17 29 49 49 49 57 25 29 29 61 
17 17 17 17 17 17 17 17 17 21 25 29 49 57 61 61 61 61 61 
17 17 17 17 17 17 17 21 21 21 29 29 25 49 49 61 61 61 61 
17 17 17 59 19 17 17 17 61 61 61 29 49 57 49 61 61 61 61 
49 17 17 17 49 51 21 21 61 29 61 53 17 49 61 61 61 61 61 
49 49 17 49 51 51 49 53 61 29 53 49 49 49 61 61 61 61 61 
